# ----- Rotor performance tables for the WEIS Turbine wind turbine ----- 
# ------------ Written on Jul-29-23 using the ROSCO toolbox ------------ 

# Pitch angle vector, 25 entries - x axis (matrix columns) (deg)
-5.0   -3.542   -2.083   -0.625   0.8333   2.292   3.75   5.208   6.667   8.125   9.583   11.04   12.5   13.96   15.42   16.88   18.33   19.79   21.25   22.71   24.17   25.62   27.08   28.54   30.0   
# TSR vector, 25 entries - y axis (matrix rows) (-)
2.0    2.417    2.833    3.25    3.667    4.083    4.5    4.917    5.333    5.75    6.167    6.583    7.0    7.417    7.833    8.25    8.667    9.083    9.5    9.917    10.33    10.75    11.17    11.58    12.0    
# Wind speed vector - z axis (m/s)
10.81    

# Power coefficient

0.003488   0.006790   0.010008   0.013155   0.016263   0.019368   0.022519   0.025769   0.029177   0.032804   0.036699   0.040904   0.045438   0.050256   0.055212   0.059655   0.062729   0.064385   0.065297   0.066029   0.066613   0.066507   0.065298   0.062584   0.058519   
0.007800   0.012705   0.017599   0.022548   0.027631   0.032935   0.038543   0.044519   0.050923   0.057769   0.064924   0.072206   0.078774   0.083166   0.085589   0.087267   0.088952   0.090316   0.090179   0.087719   0.083035   0.076433   0.068350   0.059259   0.049369   
0.014464   0.021862   0.029464   0.037388   0.045733   0.054578   0.064003   0.073903   0.083922   0.093902   0.102346   0.107563   0.110921   0.114114   0.117444   0.119056   0.117115   0.111538   0.103175   0.092647   0.080771   0.067632   0.053885   0.039429   0.023775   
0.024707   0.035786   0.047361   0.059529   0.072422   0.085854   0.099188   0.112380   0.124493   0.132593   0.138202   0.143734   0.149579   0.152185   0.149030   0.140832   0.129083   0.114872   0.098970   0.082069   0.064091   0.045249   0.025678   0.004849   -0.016447   
0.039639   0.055598   0.072365   0.089940   0.107453   0.124255   0.141238   0.155282   0.164855   0.173406   0.183091   0.189319   0.187022   0.177564   0.163184   0.145856   0.126383   0.105880   0.083499   0.060325   0.036287   0.010331   -0.016248   -0.043019   -0.068756   
0.059792   0.081918   0.104636   0.126436   0.147339   0.169055   0.186511   0.199636   0.213316   0.226925   0.229948   0.221908   0.206482   0.186806   0.164328   0.140299   0.114718   0.087235   0.058294   0.027634   -0.004045   -0.037034   -0.070380   -0.101837   -0.130488   
0.085603   0.114068   0.140800   0.166567   0.194298   0.217298   0.235710   0.256575   0.272253   0.271113   0.257920   0.237847   0.213872   0.186618   0.158224   0.126785   0.094103   0.059334   0.022686   -0.015533   -0.055640   -0.096232   -0.134591   -0.170103   -0.202126   
0.115785   0.148455   0.179781   0.214633   0.245517   0.270992   0.300539   0.317206   0.312744   0.296240   0.272967   0.244795   0.214552   0.180465   0.144670   0.105949   0.065456   0.022546   -0.022341   -0.069731   -0.117981   -0.165284   -0.209033   -0.248291   -0.285334   
0.146984   0.184716   0.226980   0.268100   0.302702   0.342091   0.360246   0.354672   0.336964   0.311265   0.281561   0.246423   0.209302   0.168200   0.124749   0.078198   0.029311   -0.022586   -0.077312   -0.133990   -0.191068   -0.244651   -0.293402   -0.338879   -0.383355   
0.179012   0.228124   0.281147   0.327195   0.377328   0.399073   0.394553   0.378145   0.353474   0.321018   0.284990   0.243703   0.199132   0.150656   0.098724   0.043775   -0.014764   -0.076225   -0.141692   -0.209060   -0.274302   -0.334605   -0.390389   -0.443795   -0.497328   
0.215579   0.280294   0.340144   0.401402   0.428722   0.430659   0.417740   0.394861   0.364198   0.327070   0.284495   0.236755   0.184379   0.128007   0.067120   0.002568   -0.066033   -0.139327   -0.216382   -0.294338   -0.368375   -0.436912   -0.501239   -0.565171   -0.627964   
0.261794   0.335290   0.406148   0.442567   0.455078   0.450775   0.433727   0.407224   0.372228   0.329722   0.280733   0.225802   0.165682   0.099968   0.029766   -0.045283   -0.125519   -0.211632   -0.301579   -0.390608   -0.474634   -0.552573   -0.628259   -0.703532   -0.775381   
0.307761   0.384694   0.430387   0.458928   0.468698   0.463549   0.445444   0.416296   0.377298   0.329486   0.273970   0.211579   0.142361   0.067649   -0.013361   -0.100025   -0.193697   -0.293721   -0.397394   -0.498888   -0.593688   -0.683841   -0.772118   -0.859746   -0.939373   
0.342630   0.396734   0.433214   0.458277   0.473383   0.471742   0.453935   0.422941   0.380022   0.326778   0.264426   0.193559   0.115565   0.029899   -0.062285   -0.162393   -0.270517   -0.386370   -0.504917   -0.619396   -0.727737   -0.831256   -0.934187   -1.033929   -1.119872   
0.345681   0.391558   0.421395   0.448250   0.470539   0.475183   0.459632   0.427260   0.380623   0.321747   0.252160   0.172778   0.084452   -0.012390   -0.117755   -0.232185   -0.357066   -0.489586   -0.624122   -0.754266   -0.877145   -0.996305   -1.115022   -1.226245   -1.317145   
0.335545   0.373973   0.406584   0.435878   0.462296   0.474746   0.462672   0.429809   0.379324   0.314926   0.237217   0.148456   0.049042   -0.060201   -0.179679   -0.310530   -0.452956   -0.604163   -0.756944   -0.903705   -1.043330   -1.179980   -1.315050   -1.436971   -1.531818   
0.311296   0.352830   0.389726   0.422164   0.450875   0.470344   0.463479   0.430033   0.376558   0.305329   0.219698   0.120568   0.009339   -0.113319   -0.248378   -0.396973   -0.559632   -0.731151   -0.903542   -1.069090   -1.227043   -1.383130   -1.534688   -1.666494   -1.764809   
0.281503   0.328492   0.370631   0.406920   0.438169   0.462973   0.461536   0.429119   0.371370   0.294048   0.199277   0.089188   -0.034630   -0.171966   -0.324566   -0.492984   -0.676954   -0.870753   -1.065249   -1.251022   -1.429373   -1.606375   -1.774409   -1.915305   -2.017299   
0.247179   0.301070   0.349169   0.390012   0.424596   0.452825   0.457899   0.425846   0.364905   0.280405   0.176083   0.054410   -0.083012   -0.236801   -0.407795   -0.598264   -0.805939   -1.024460   -1.242573   -1.450248   -1.651285   -1.850302   -2.034729   -2.184048   -2.290672   
0.208605   0.270483   0.325252   0.371627   0.409572   0.441475   0.451611   0.421359   0.356420   0.264602   0.150243   0.016158   -0.136096   -0.307261   -0.499607   -0.713709   -0.947053   -1.192807   -1.436220   -1.667667   -1.893583   -2.115513   -2.316209   -2.473562   -2.586436   
0.166275   0.236662   0.299197   0.351211   0.394022   0.428448   0.442849   0.414880   0.346253   0.246738   0.121735   -0.026080   -0.194104   -0.384840   -0.599441   -0.839586   -1.100982   -1.376399   -1.646855   -1.904236   -2.156994   -2.402628   -2.619455   -2.784841   -2.906108   
0.121432   0.200060   0.270463   0.329704   0.376887   0.413972   0.432336   0.406827   0.334349   0.226940   0.090043   -0.071547   -0.257606   -0.468849   -0.708371   -0.976371   -1.268489   -1.575838   -1.875079   -2.160829   -2.442214   -2.712283   -2.945134   -3.118999   -3.251158   
0.078624   0.160439   0.240002   0.306050   0.358067   0.398399   0.420399   0.397046   0.320740   0.204569   0.055998   -0.121649   -0.326110   -0.560298   -0.826486   -1.124569   -1.450360   -1.791738   -2.121584   -2.438232   -2.749940   -3.045139   -3.293971   -3.477240   -3.622986   
0.041598   0.120136   0.206817   0.280163   0.337840   0.381750   0.406939   0.385700   0.305631   0.180612   0.018228   -0.175510   -0.400564   -0.659187   -0.954167   -1.284703   -1.647266   -2.024692   -2.387185   -2.737173   -3.080872   -3.401880   -3.666765   -3.860804   -4.022904   
0.011847   0.081864   0.170985   0.252351   0.316153   0.363990   0.392166   0.372840   0.288769   0.153646   -0.022319   -0.234024   -0.480881   -0.765828   -1.091793   -1.457314   -1.859743   -2.275261   -2.672701   -3.058376   -3.435716   -3.783221   -4.064385   -4.270933   -4.452162   


#  Thrust coefficient

0.098718   0.097557   0.096327   0.095057   0.093790   0.092575   0.091471   0.090545   0.089870   0.089518   0.089550   0.090007   0.090898   0.092164   0.093475   0.094160   0.093726   0.092303   0.090469   0.088682   0.086897   0.084577   0.081340   0.076807   0.071092   
0.117593   0.116318   0.115124   0.114095   0.113327   0.112924   0.112989   0.113602   0.114805   0.116591   0.118866   0.121159   0.122432   0.121983   0.120267   0.118305   0.116647   0.114835   0.111755   0.106688   0.099720   0.091073   0.081162   0.070541   0.059490   
0.140926   0.140101   0.139682   0.139811   0.140617   0.142182   0.144518   0.147550   0.151042   0.154107   0.155278   0.154247   0.152345   0.150933   0.149885   0.147340   0.141721   0.132985   0.121872   0.108889   0.094938   0.080079   0.065043   0.049667   0.033259   
0.170028   0.170510   0.171850   0.174152   0.177419   0.181516   0.186144   0.190430   0.192588   0.192007   0.190525   0.190000   0.190014   0.187091   0.179125   0.166846   0.151584   0.134267   0.115694   0.096673   0.077014   0.056941   0.036588   0.015509   -0.004838   
0.206179   0.208851   0.212722   0.217649   0.223282   0.229062   0.233497   0.234778   0.234119   0.234362   0.236398   0.235147   0.226282   0.211267   0.192121   0.170739   0.147705   0.124287   0.099364   0.074306   0.049050   0.022380   -0.003681   -0.027769   -0.048684   
0.250140   0.255519   0.261946   0.268869   0.275678   0.280591   0.282115   0.282880   0.286401   0.290141   0.284053   0.268154   0.245953   0.220520   0.193011   0.164703   0.135502   0.104989   0.073772   0.041581   0.009547   -0.021999   -0.050860   -0.074952   -0.094787   
0.301900   0.309670   0.317773   0.325846   0.332087   0.334969   0.338087   0.346288   0.349674   0.337513   0.314486   0.285916   0.254686   0.220798   0.187045   0.150620   0.114182   0.076589   0.038211   -0.000146   -0.038075   -0.072517   -0.100638   -0.123924   -0.142016   
0.360421   0.369698   0.379310   0.387772   0.392922   0.399054   0.413026   0.414821   0.396689   0.367634   0.333352   0.295241   0.256820   0.215012   0.172931   0.129109   0.085021   0.039973   -0.005080   -0.049855   -0.090822   -0.125116   -0.152740   -0.173759   -0.190089   
0.424402   0.435626   0.446972   0.455243   0.464981   0.485717   0.486003   0.463286   0.429195   0.388378   0.346063   0.298999   0.252080   0.202366   0.152279   0.100905   0.049140   -0.003376   -0.055464   -0.104487   -0.146608   -0.179936   -0.205587   -0.225111   -0.240858   
0.494348   0.508801   0.521093   0.534919   0.563173   0.563653   0.536452   0.498669   0.454521   0.403864   0.352544   0.297630   0.241782   0.184276   0.125802   0.066717   0.006659   -0.052692   -0.110858   -0.162865   -0.204232   -0.236188   -0.260279   -0.278729   -0.294782   
0.572468   0.589639   0.608489   0.644231   0.645280   0.618987   0.577273   0.527555   0.473002   0.414837   0.354240   0.291310   0.226732   0.161307   0.094375   0.026818   -0.040864   -0.107843   -0.170658   -0.223221   -0.263703   -0.294344   -0.316910   -0.335913   -0.351759   
0.660405   0.687078   0.726543   0.729169   0.704623   0.663450   0.610358   0.551669   0.488400   0.421557   0.352210   0.280736   0.207979   0.133418   0.058053   -0.018012   -0.093687   -0.167462   -0.233536   -0.285654   -0.325355   -0.354206   -0.376962   -0.396459   -0.410957   
0.766657   0.809341   0.812009   0.792626   0.753009   0.700431   0.638978   0.571894   0.500214   0.424974   0.347029   0.267015   0.184933   0.101938   0.017233   -0.067464   -0.151391   -0.230886   -0.298653   -0.350526   -0.388633   -0.417193   -0.440433   -0.460119   -0.471632   
0.895409   0.898367   0.879667   0.842352   0.793631   0.733617   0.664496   0.589509   0.509534   0.425802   0.339060   0.249702   0.158937   0.065966   -0.027699   -0.121577   -0.213121   -0.297851   -0.366311   -0.417170   -0.454783   -0.483274   -0.507532   -0.526352   -0.533120   
0.991836   0.976570   0.934057   0.882895   0.827781   0.762567   0.687444   0.604875   0.516707   0.424269   0.328476   0.230015   0.129301   0.026665   -0.076966   -0.179536   -0.279103   -0.367379   -0.435832   -0.486620   -0.523641   -0.553009   -0.577940   -0.594691   -0.595001   
1.084552   1.039727   0.982855   0.920456   0.857629   0.788885   0.708227   0.618679   0.522024   0.420973   0.315492   0.207266   0.096314   -0.016593   -0.130003   -0.241848   -0.348192   -0.439397   -0.508253   -0.558480   -0.595900   -0.626327   -0.651381   -0.664726   -0.657140   
1.159881   1.099290   1.029518   0.956669   0.885189   0.812465   0.727386   0.630357   0.525949   0.415107   0.300268   0.181639   0.060105   -0.063235   -0.186665   -0.307518   -0.420902   -0.514177   -0.583032   -0.633428   -0.671617   -0.703168   -0.727576   -0.736125   -0.719608   
1.230496   1.156289   1.075073   0.992344   0.911959   0.834060   0.744416   0.641182   0.527664   0.407823   0.282635   0.153291   0.020956   -0.113149   -0.247156   -0.377241   -0.496449   -0.591261   -0.660744   -0.711541   -0.750851   -0.783405   -0.806264   -0.808648   -0.782626   
1.299179   1.212385   1.120285   1.027705   0.938494   0.853629   0.760477   0.650034   0.528366   0.398563   0.262759   0.122501   -0.021058   -0.166581   -0.310645   -0.450250   -0.574957   -0.671215   -0.741359   -0.793000   -0.833617   -0.866889   -0.887215   -0.882181   -0.846524   
1.366740   1.268354   1.165368   1.063096   0.964441   0.872676   0.774680   0.658106   0.527422   0.387533   0.240919   0.089308   -0.065949   -0.222693   -0.378074   -0.526737   -0.656235   -0.753951   -0.825026   -0.877903   -0.919908   -0.953464   -0.970246   -0.956747   -0.911673   
1.433789   1.324325   1.210762   1.098184   0.990939   0.890684   0.787252   0.664695   0.525189   0.374935   0.217154   0.053430   -0.113639   -0.282467   -0.448578   -0.606458   -0.740276   -0.839589   -0.911882   -0.966286   -1.009688   -1.042987   -1.055215   -1.032454   -0.978424   
1.498844   1.380629   1.256143   1.134104   1.017061   0.908000   0.798729   0.670241   0.521665   0.360924   0.191156   0.015683   -0.164387   -0.345018   -0.522659   -0.689316   -0.827113   -0.928228   -1.002039   -1.058157   -1.102894   -1.135336   -1.142029   -1.109468   -1.047062   
1.557251   1.436502   1.302596   1.169916   1.042896   0.925008   0.809412   0.674620   0.516915   0.345045   0.163748   -0.024962   -0.217550   -0.410879   -0.600022   -0.775235   -0.916790   -1.019946   -1.095574   -1.153513   -1.199453   -1.230408   -1.230640   -1.187990   -1.117805   
1.603898   1.491250   1.349102   1.205698   1.068772   0.941827   0.819182   0.678055   0.511193   0.328228   0.133896   -0.067609   -0.273676   -0.479777   -0.680611   -0.864150   -1.009359   -1.114809   -1.192530   -1.252341   -1.299298   -1.328124   -1.321048   -1.268225   -1.190791   
1.640126   1.539479   1.395482   1.241770   1.094730   0.958486   0.828334   0.680586   0.504317   0.309384   0.102482   -0.112814   -0.332488   -0.551688   -0.764374   -0.956008   -1.104887   -1.212879   -1.292928   -1.354618   -1.402375   -1.428431   -1.413292   -1.350363   -1.266108   


# Torque coefficient

0.001750   0.003408   0.005022   0.006602   0.008161   0.009720   0.011301   0.012932   0.014643   0.016463   0.018417   0.020528   0.022804   0.025222   0.027709   0.029938   0.031481   0.032312   0.032770   0.033137   0.033430   0.033377   0.032770   0.031408   0.029368   
0.003239   0.005277   0.007309   0.009365   0.011476   0.013679   0.016008   0.018490   0.021150   0.023993   0.026965   0.029989   0.032717   0.034541   0.035548   0.036244   0.036944   0.037511   0.037454   0.036432   0.034487   0.031745   0.028388   0.024612   0.020504   
0.005124   0.007745   0.010438   0.013245   0.016201   0.019334   0.022673   0.026180   0.029730   0.033265   0.036256   0.038104   0.039294   0.040425   0.041605   0.042176   0.041488   0.039513   0.036550   0.032820   0.028613   0.023959   0.019089   0.013968   0.008422   
0.007630   0.011052   0.014627   0.018385   0.022366   0.026515   0.030633   0.034707   0.038448   0.040949   0.042681   0.044390   0.046195   0.047000   0.046026   0.043494   0.039865   0.035476   0.030565   0.025346   0.019793   0.013974   0.007930   0.001498   -0.005079   
0.010851   0.015219   0.019809   0.024620   0.029414   0.034014   0.038663   0.042507   0.045127   0.047468   0.050119   0.051824   0.051195   0.048606   0.044670   0.039927   0.034596   0.028983   0.022857   0.016513   0.009933   0.002828   -0.004448   -0.011776   -0.018821   
0.014697   0.020136   0.025720   0.031079   0.036217   0.041555   0.045846   0.049072   0.052435   0.055780   0.056523   0.054546   0.050755   0.045918   0.040393   0.034487   0.028198   0.021443   0.014329   0.006793   -0.000994   -0.009103   -0.017300   -0.025032   -0.032075   
0.019093   0.025443   0.031405   0.037152   0.043338   0.048468   0.052574   0.057228   0.060725   0.060471   0.057528   0.053051   0.047704   0.041625   0.035291   0.028279   0.020989   0.013234   0.005060   -0.003465   -0.012410   -0.021464   -0.030020   -0.037941   -0.045084   
0.023637   0.030306   0.036701   0.043816   0.050121   0.055322   0.061353   0.064756   0.063845   0.060476   0.055725   0.049974   0.043800   0.036841   0.029534   0.021629   0.013363   0.004603   -0.004561   -0.014235   -0.024085   -0.033742   -0.042673   -0.050687   -0.058249   
0.027662   0.034763   0.042717   0.050455   0.056967   0.064380   0.067797   0.066748   0.063415   0.058579   0.052989   0.046376   0.039390   0.031655   0.023477   0.014717   0.005516   -0.004251   -0.014550   -0.025216   -0.035958   -0.046042   -0.055217   -0.063776   -0.072146   
0.031248   0.039821   0.049077   0.057115   0.065866   0.069662   0.068873   0.066008   0.061702   0.056036   0.049747   0.042540   0.034760   0.026298   0.017233   0.007641   -0.002577   -0.013306   -0.024734   -0.036493   -0.047882   -0.058408   -0.068146   -0.077468   -0.086813   
0.035089   0.045622   0.055363   0.065334   0.069781   0.070096   0.067993   0.064269   0.059278   0.053235   0.046306   0.038535   0.030010   0.020835   0.010925   0.000418   -0.010748   -0.022678   -0.035219   -0.047908   -0.059958   -0.071114   -0.081584   -0.091990   -0.102210   
0.039914   0.051119   0.061922   0.067475   0.069382   0.068726   0.066127   0.062086   0.056751   0.050270   0.042801   0.034426   0.025260   0.015241   0.004538   -0.006904   -0.019137   -0.032266   -0.045979   -0.059553   -0.072364   -0.084247   -0.095786   -0.107262   -0.118217   
0.044129   0.055160   0.061712   0.065805   0.067205   0.066467   0.063871   0.059692   0.054100   0.047244   0.039284   0.030338   0.020413   0.009700   -0.001916   -0.014342   -0.027774   -0.042116   -0.056981   -0.071534   -0.085127   -0.098054   -0.110712   -0.123277   -0.134694   
0.046369   0.053691   0.058628   0.062020   0.064064   0.063842   0.061432   0.057237   0.051429   0.044223   0.035785   0.026195   0.015640   0.004046   -0.008429   -0.021977   -0.036610   -0.052288   -0.068331   -0.083824   -0.098486   -0.112496   -0.126425   -0.139924   -0.151554   
0.044293   0.050172   0.053995   0.057436   0.060292   0.060887   0.058894   0.054746   0.048771   0.041227   0.032310   0.022139   0.010821   -0.001588   -0.015088   -0.029751   -0.045752   -0.062732   -0.079971   -0.096647   -0.112392   -0.127660   -0.142872   -0.157123   -0.168770   
0.040823   0.045498   0.049466   0.053030   0.056244   0.057759   0.056290   0.052292   0.046149   0.038315   0.028860   0.018062   0.005967   -0.007324   -0.021860   -0.037780   -0.055108   -0.073504   -0.092091   -0.109947   -0.126934   -0.143559   -0.159992   -0.174825   -0.186364   
0.036052   0.040862   0.045135   0.048892   0.052217   0.054472   0.053677   0.049803   0.043610   0.035361   0.025444   0.013963   0.001082   -0.013124   -0.028765   -0.045975   -0.064813   -0.084677   -0.104642   -0.123814   -0.142107   -0.160184   -0.177737   -0.193002   -0.204388   
0.031106   0.036299   0.040955   0.044965   0.048418   0.051159   0.051000   0.047418   0.041037   0.032492   0.022020   0.009855   -0.003827   -0.019002   -0.035865   -0.054475   -0.074804   -0.096219   -0.117710   -0.138238   -0.157946   -0.177505   -0.196073   -0.211642   -0.222912   
0.026115   0.031809   0.036891   0.041206   0.044860   0.047843   0.048379   0.044992   0.038554   0.029626   0.018604   0.005749   -0.008771   -0.025019   -0.043085   -0.063209   -0.085151   -0.108238   -0.131283   -0.153224   -0.174465   -0.195492   -0.214977   -0.230753   -0.242018   
0.021114   0.027377   0.032920   0.037614   0.041455   0.044684   0.045710   0.042648   0.036075   0.026782   0.015207   0.001635   -0.013775   -0.031099   -0.050568   -0.072238   -0.095856   -0.120730   -0.145367   -0.168792   -0.191658   -0.214121   -0.234434   -0.250361   -0.261785   
0.016151   0.022988   0.029062   0.034114   0.038273   0.041617   0.043015   0.040299   0.033633   0.023966   0.011825   -0.002533   -0.018854   -0.037381   -0.058226   -0.081552   -0.106942   -0.133694   -0.159965   -0.184965   -0.209516   -0.233376   -0.254437   -0.270501   -0.282280   
0.011338   0.018679   0.025253   0.030784   0.035189   0.038652   0.040367   0.037985   0.031218   0.021189   0.008407   -0.006680   -0.024052   -0.043776   -0.066140   -0.091162   -0.118437   -0.147134   -0.175074   -0.201754   -0.228026   -0.253242   -0.274983   -0.291217   -0.303556   
0.007067   0.014421   0.021573   0.027509   0.032185   0.035810   0.037787   0.035688   0.028830   0.018388   0.005033   -0.010934   -0.029312   -0.050362   -0.074288   -0.101082   -0.130365   -0.161050   -0.190698   -0.219160   -0.247178   -0.273711   -0.296078   -0.312551   -0.325651   
0.003605   0.010410   0.017921   0.024277   0.029274   0.033079   0.035262   0.033421   0.026483   0.015650   0.001579   -0.015208   -0.034709   -0.057119   -0.082680   -0.111321   -0.142738   -0.175442   -0.206853   -0.237180   -0.266962   -0.294778   -0.317730   -0.334544   -0.348590   
0.000991   0.006847   0.014302   0.021107   0.026444   0.030445   0.032802   0.031185   0.024153   0.012851   -0.001867   -0.019574   -0.040222   -0.064056   -0.091321   -0.121894   -0.155554   -0.190309   -0.223552   -0.255811   -0.287373   -0.316439   -0.339956   -0.357232   -0.372391   

